    n = 100

+++ Array storing preorder listing of keys
    855 763 612 229 193 136 100 124 132 163 147 144 172 176 181 203 212 451 396
    260 234 232 275 384 289 276 285 370 357 342 295 358 360 367 389 431 418 401
    398 408 437 441 524 460 456 518 469 490 474 482 500 513 548 539 552 586 553
    663 654 629 643 642 631 632 637 649 657 658 749 730 706 672 684 714 772 788
    778 773 786 825 824 790 819 791 794 842 828 851 847 868 996 886 877 984 916
    969 943 927 965 995

+++ Preorder listing of the keys in the constructed tree
    855 763 612 229 193 136 100 124 132 163 147 144 172 176 181 203 212 451 396
    260 234 232 275 384 289 276 285 370 357 342 295 358 360 367 389 431 418 401
    398 408 437 441 524 460 456 518 469 490 474 482 500 513 548 539 552 586 553
    663 654 629 643 642 631 632 637 649 657 658 749 730 706 672 684 714 772 788
    778 773 786 825 824 790 819 791 794 842 828 851 847 868 996 886 877 984 916
    969 943 927 965 995

+++ The constructed tree is NOT a BST...

    Inorder successor of 232 is 234
    Inorder successor of 996 does not exist
    Inorder successor of 996 does not exist

    Preorder successor of 389 is 431
    Preorder successor of 995 does not exist
    Preorder successor of 995 does not exist
